obstacle_range: 2.0 #2.5
raytrace_range: 3.5
footprint: [[-0.24575,-0.3129], [-0.24575,0.3129], [0.26575,0.3129], [0.26575,-0.3129]] #[[-0.110, -0.090], [-0.110, 0.090], [0.041, 0.090], [0.041, -0.090]]
#robot_radius: 0.105
inflation_radius: 0.13 #0.15
cost_scaling_factor: 0.5
map_type: costmap
transform_tolerance: 0.2
observation_sources: scan
scan: {data_type: LaserScan, topic: scan, marking: true, clearing: true}
